{
    "scaler": {
        "mean": [
            0.3818916383344443,
            0.35807250103808785,
            0.3943496897509858,
            2.5135935605453255,
            -2.408786330816865,
            -0.09320914819732064,
            -0.4504856112489922
        ],
        "std": [
            0.09613069281429185,
            0.08695051687649503,
            0.09856213762341905,
            0.25266988247014954,
            0.22053322163275912,
            3.3022203339507388,
            20.261417681306497
        ]
    },
    "gmm_pos": {
        "means": [
            [
                0.343531145920281,
                0.05551182331804446,
                0.5893813269913786,
                -0.869018703137588,
                0.4559665263497593,
                -0.33729268456248984,
                0.07494553595987226
            ],
            [
                1.3344582768008462,
                0.3743685180822218,
                0.6358640030414617,
                0.7758382428722502,
                1.7004653689464897,
                0.054705281231727215,
                0.010157348227102965
            ],
            [
                0.0,
                0.0,
                0.0,
                0.0,
                0.0,
                0.0,
                0.0
            ],
            [
                -1.7896194073607634,
                -0.3381313292422263,
                0.5220356238405196,
                -2.3293751274158794,
                -1.6566792433385547,
                1.6815859087776552,
                -1.7673484177969425
            ],
            [
                0.0,
                0.0,
                0.0,
                0.0,
                0.0,
                0.0,
                0.0
            ],
            [
                0.4332641945005219,
                0.7012493295241734,
                0.8511304536569205,
                -0.7847999266890124,
                0.3278181409975033,
                0.12216793080866599,
                0.001384354699108835
            ]
        ],
        "covariances": [
            [
                [
                    0.383119740256406,
                    -0.043449265142312975,
                    0.041453999553734536,
                    0.16637937710102968,
                    0.24356174309713144,
                    -0.3315950700934498,
                    0.059646202736029996
                ],
                [
                    -0.043449265142312975,
                    0.43882065720381835,
                    0.07423769966615702,
                    -0.1742538599383236,
                    -0.3474355967535405,
                    0.23759617583836598,
                    -0.04306483925675602
                ],
                [
                    0.041453999553734536,
                    0.07423769966615702,
                    0.10361851798648788,
                    0.0636753683450592,
                    -0.04770830025038728,
                    -0.0025407234431984787,
                    0.0015088057782389871
                ],
                [
                    0.1663793771010297,
                    -0.1742538599383236,
                    0.0636753683450592,
                    0.2956117143350862,
                    0.28037390901811876,
                    -0.1709985945773461,
                    0.030850290334562384
                ],
                [
                    0.24356174309713144,
                    -0.3474355967535405,
                    -0.04770830025038728,
                    0.28037390901811876,
                    0.603902891706999,
                    -0.2249254566673865,
                    0.03984166745742695
                ],
                [
                    -0.3315950700934499,
                    0.23759617583836598,
                    -0.002540723443198497,
                    -0.1709985945773461,
                    -0.2249254566673865,
                    0.6503237536540115,
                    -0.11524811308788335
                ],
                [
                    0.059646202736029996,
                    -0.04306483925675601,
                    0.0015088057782389902,
                    0.03085029033456238,
                    0.03984166745742696,
                    -0.11524811308788335,
                    0.020603870698151307
                ]
            ],
            [
                [
                    0.8439950083007982,
                    0.102974874101667,
                    -0.06848973677830708,
                    1.2467306915553196,
                    0.9805905236132196,
                    0.026032636287367537,
                    -0.004268259086779937
                ],
                [
                    0.102974874101667,
                    0.04531213044339463,
                    -0.007664941850454247,
                    0.13686901495297765,
                    0.12584507065899317,
                    0.005959026703548718,
                    -0.0007597900239289455
                ],
                [
                    -0.06848973677830708,
                    -0.007664941850454247,
                    0.006312630768027615,
                    -0.10443411909098674,
                    -0.08248528037435963,
                    -0.0017692806833593036,
                    0.0003380899893102638
                ],
                [
                    1.2467306915553196,
                    0.13686901495297768,
                    -0.10443411909098674,
                    1.9306149716596293,
                    1.4949902826402082,
                    0.03901090469373519,
                    -0.006794146461552456
                ],
                [
                    0.9805905236132196,
                    0.12584507065899317,
                    -0.08248528037435963,
                    1.4949902826402082,
                    1.2407526514368887,
                    0.03488868403431413,
                    -0.005907676997950087
                ],
                [
                    0.026032636287367537,
                    0.005959026703548717,
                    -0.0017692806833593036,
                    0.03901090469373519,
                    0.03488868403431413,
                    0.003128437872022923,
                    -0.00045896439930303136
                ],
                [
                    -0.004268259086779937,
                    -0.0007597900239289453,
                    0.0003380899893102637,
                    -0.006794146461552456,
                    -0.005907676997950087,
                    -0.00045896439930303136,
                    8.573239383226258e-05
                ]
            ],
            [
                [
                    1e-05,
                    0.0,
                    0.0,
                    0.0,
                    0.0,
                    0.0,
                    0.0
                ],
                [
                    0.0,
                    1e-05,
                    0.0,
                    0.0,
                    0.0,
                    0.0,
                    0.0
                ],
                [
                    0.0,
                    0.0,
                    1e-05,
                    0.0,
                    0.0,
                    0.0,
                    0.0
                ],
                [
                    0.0,
                    0.0,
                    0.0,
                    1e-05,
                    0.0,
                    0.0,
                    0.0
                ],
                [
                    0.0,
                    0.0,
                    0.0,
                    0.0,
                    1e-05,
                    0.0,
                    0.0
                ],
                [
                    0.0,
                    0.0,
                    0.0,
                    0.0,
                    0.0,
                    1e-05,
                    0.0
                ],
                [
                    0.0,
                    0.0,
                    0.0,
                    0.0,
                    0.0,
                    0.0,
                    1e-05
                ]
            ],
            [
                [
                    2.6829746321085683,
                    5.070937169874723,
                    -0.2860357359526671,
                    -1.9241179120303455,
                    -3.0775965498813083,
                    -3.0370762665786213,
                    2.3082452189724383
                ],
                [
                    5.070937169874723,
                    10.778288734899112,
                    -0.4774955138204359,
                    -4.184060018206099,
                    -6.914120940789933,
                    -4.683520401596291,
                    5.849011322444884
                ],
                [
                    -0.2860357359526671,
                    -0.4774955138204359,
                    0.08283008274967571,
                    0.268063677723147,
                    0.40662261995151466,
                    0.32687617603093644,
                    0.8216342309177221
                ],
                [
                    -1.9241179120303455,
                    -4.184060018206099,
                    0.268063677723147,
                    1.92574622150948,
                    3.1337007039524942,
                    0.9048968602726277,
                    -0.5081891190134323
                ],
                [
                    -3.0775965498813083,
                    -6.914120940789933,
                    0.4066226199515147,
                    3.1337007039524942,
                    5.984177776732375,
                    1.8483934285122452,
                    -1.6796506807739016
                ],
                [
                    -3.0370762665786213,
                    -4.683520401596291,
                    0.32687617603093644,
                    0.9048968602726277,
                    1.8483934285122452,
                    39.19764342763085,
                    -7.207242556715302
                ],
                [
                    2.3082452189724374,
                    5.849011322444887,
                    0.8216342309177221,
                    -0.5081891190134317,
                    -1.6796506807739016,
                    -7.207242556715302,
                    68.27989112108867
                ]
            ],
            [
                [
                    1e-05,
                    0.0,
                    0.0,
                    0.0,
                    0.0,
                    0.0,
                    0.0
                ],
                [
                    0.0,
                    1e-05,
                    0.0,
                    0.0,
                    0.0,
                    0.0,
                    0.0
                ],
                [
                    0.0,
                    0.0,
                    1e-05,
                    0.0,
                    0.0,
                    0.0,
                    0.0
                ],
                [
                    0.0,
                    0.0,
                    0.0,
                    1e-05,
                    0.0,
                    0.0,
                    0.0
                ],
                [
                    0.0,
                    0.0,
                    0.0,
                    0.0,
                    1e-05,
                    0.0,
                    0.0
                ],
                [
                    0.0,
                    0.0,
                    0.0,
                    0.0,
                    0.0,
                    1e-05,
                    0.0
                ],
                [
                    0.0,
                    0.0,
                    0.0,
                    0.0,
                    0.0,
                    0.0,
                    1e-05
                ]
            ],
            [
                [
                    0.4349845319019534,
                    0.25149080894079784,
                    0.059807208433351765,
                    0.1203368799955151,
                    0.09462557457650603,
                    -0.03135019486097835,
                    0.004366872493457177
                ],
                [
                    0.25149080894079784,
                    0.29797082208782977,
                    0.08776844493257015,
                    0.03154261265315961,
                    -0.03433263895246184,
                    -0.0054376169181925855,
                    0.00017327012072639207
                ],
                [
                    0.059807208433351765,
                    0.08776844493257015,
                    0.12076784227957504,
                    0.04261652085145863,
                    -0.016655522321418526,
                    0.01003742650076264,
                    -0.0017939879064131795
                ],
                [
                    0.1203368799955151,
                    0.03154261265315961,
                    0.04261652085145863,
                    0.1031431354814057,
                    0.06067957632281693,
                    -0.012072811053903815,
                    0.0020158060785513306
                ],
                [
                    0.09462557457650604,
                    -0.034332638952461844,
                    -0.01665552232141853,
                    0.060679576322816925,
                    0.12804084750729566,
                    -0.010640938040898641,
                    0.0018306830558667275
                ],
                [
                    -0.03135019486097835,
                    -0.0054376169181925855,
                    0.01003742650076264,
                    -0.012072811053903813,
                    -0.010640938040898641,
                    0.012067402803462803,
                    -0.0018108009821618675
                ],
                [
                    0.004366872493457177,
                    0.000173270120726392,
                    -0.0017939879064131803,
                    0.002015806078551332,
                    0.001830683055866728,
                    -0.0018108009821618675,
                    0.0002982251733490939
                ]
            ]
        ],
        "weights": [
            0.37518381740474527,
            0.11111447321217581,
            3.750753461571473e-18,
            0.07504362620531185,
            3.750753461571473e-18,
            0.43865808317776706
        ],
        "precisions_": [
            [
                [
                    13.654183347677424,
                    -9.663199039047008,
                    0.9192638560083137,
                    -2.252471272159949,
                    -7.188924954260331,
                    -13.442050876046379,
                    -117.70672496423727
                ],
                [
                    -9.663199039047008,
                    13.306814461454621,
                    -7.526932236767403,
                    5.016582882530605,
                    6.2769120929709326,
                    19.887348194881124,
                    147.92945215818162
                ],
                [
                    0.9192638560083137,
                    -7.526932236767403,
                    26.722211252198953,
                    -13.741527192612166,
                    4.22031787943992,
                    -27.11162279933085,
                    -159.5852142769539
                ],
                [
                    -2.252471272159949,
                    5.016582882530605,
                    -13.741527192612166,
                    13.71423360006451,
                    -3.9521420798272957,
                    12.76476303550791,
                    76.52007277688092
                ],
                [
                    -7.188924954260331,
                    6.2769120929709326,
                    4.22031787943992,
                    -3.9521420798272957,
                    8.880165980764636,
                    6.151444522242362,
                    56.775988711573326
                ],
                [
                    -13.442050876046379,
                    19.887348194881124,
                    -27.11162279933085,
                    12.76476303550791,
                    6.151444522242362,
                    219.21978724635701,
                    1277.6679529167327
                ],
                [
                    -117.70672496423727,
                    147.92945215818162,
                    -159.5852142769539,
                    76.52007277688092,
                    56.775988711573326,
                    1277.6679529167327,
                    7632.459301435339
                ]
            ],
            [
                [
                    34.73484924641477,
                    -10.263053369842568,
                    55.947600711087674,
                    -16.83577043180629,
                    -2.7555953664953816,
                    -59.57546164964823,
                    -425.3074616988125
                ],
                [
                    -10.263053369842568,
                    40.21212874847236,
                    16.44040530794638,
                    9.211546342960421,
                    -4.968291818772599,
                    -77.69813474781196,
                    -247.72525404091866
                ],
                [
                    55.947600711087674,
                    16.44040530794638,
                    2023.9324209039703,
                    40.38243126157382,
                    49.70154190845947,
                    -834.337757487273,
                    -2891.8788771167765
                ],
                [
                    -16.83577043180629,
                    9.211546342960421,
                    40.38243126157382,
                    18.803312294556445,
                    -7.292244458356493,
                    12.941230169687502,
                    141.11715964099474
                ],
                [
                    -2.7555953664953816,
                    -4.968291818772599,
                    49.70154190845947,
                    -7.292244458356493,
                    16.524961547054858,
                    -27.582631275360452,
                    35.92650470745421
                ],
                [
                    -59.57546164964823,
                    -77.69813474781196,
                    -834.337757487273,
                    12.941230169687502,
                    -27.582631275360452,
                    2124.4512194066324,
                    10133.69913146269
                ],
                [
                    -425.3074616988125,
                    -247.72525404091866,
                    -2891.8788771167765,
                    141.11715964099474,
                    35.92650470745421,
                    10133.69913146269,
                    67607.9763517411
                ]
            ],
            [
                [
                    99999.99999999999,
                    0.0,
                    0.0,
                    0.0,
                    0.0,
                    0.0,
                    0.0
                ],
                [
                    0.0,
                    99999.99999999999,
                    0.0,
                    0.0,
                    0.0,
                    0.0,
                    0.0
                ],
                [
                    0.0,
                    0.0,
                    99999.99999999999,
                    0.0,
                    0.0,
                    0.0,
                    0.0
                ],
                [
                    0.0,
                    0.0,
                    0.0,
                    99999.99999999999,
                    0.0,
                    0.0,
                    0.0
                ],
                [
                    0.0,
                    0.0,
                    0.0,
                    0.0,
                    99999.99999999999,
                    0.0,
                    0.0
                ],
                [
                    0.0,
                    0.0,
                    0.0,
                    0.0,
                    0.0,
                    99999.99999999999,
                    0.0
                ],
                [
                    0.0,
                    0.0,
                    0.0,
                    0.0,
                    0.0,
                    0.0,
                    99999.99999999999
                ]
            ],
            [
                [
                    7.008829288818229,
                    -4.414982185238312,
                    13.968820503945745,
                    -3.660274252419419,
                    -0.5470058245743707,
                    -0.0031438519534378053,
                    -0.06786223116460693
                ],
                [
                    -4.414982185238312,
                    3.679955635025422,
                    -10.511332141200237,
                    4.47404833826696,
                    0.3341871900940582,
                    0.06792279240190413,
                    0.00919371867441226
                ],
                [
                    13.968820503945745,
                    -10.511332141200237,
                    63.257216781363816,
                    -17.136527869831653,
                    -0.30933297079111355,
                    -0.3844856614670838,
                    -0.5087311400581199
                ],
                [
                    -3.660274252419419,
                    4.47404833826696,
                    -17.136527869831653,
                    11.694217577066002,
                    -1.733143237150482,
                    0.2080438955741494,
                    0.013052609862301704
                ],
                [
                    -0.5470058245743707,
                    0.3341871900940582,
                    -0.30933297079111355,
                    -1.733143237150482,
                    1.207673697100114,
                    -0.015194457031163964,
                    0.008791940697015605
                ],
                [
                    -0.0031438519534378053,
                    0.06792279240190413,
                    -0.3844856614670838,
                    0.2080438955741494,
                    -0.015194457031163964,
                    0.0331639338015365,
                    0.003589738576291512
                ],
                [
                    -0.06786223116460693,
                    0.00919371867441226,
                    -0.5087311400581199,
                    0.013052609862301704,
                    0.008791940697015605,
                    0.003589738576291512,
                    0.02296623646273015
                ]
            ],
            [
                [
                    99999.99999999999,
                    0.0,
                    0.0,
                    0.0,
                    0.0,
                    0.0,
                    0.0
                ],
                [
                    0.0,
                    99999.99999999999,
                    0.0,
                    0.0,
                    0.0,
                    0.0,
                    0.0
                ],
                [
                    0.0,
                    0.0,
                    99999.99999999999,
                    0.0,
                    0.0,
                    0.0,
                    0.0
                ],
                [
                    0.0,
                    0.0,
                    0.0,
                    99999.99999999999,
                    0.0,
                    0.0,
                    0.0
                ],
                [
                    0.0,
                    0.0,
                    0.0,
                    0.0,
                    99999.99999999999,
                    0.0,
                    0.0
                ],
                [
                    0.0,
                    0.0,
                    0.0,
                    0.0,
                    0.0,
                    99999.99999999999,
                    0.0
                ],
                [
                    0.0,
                    0.0,
                    0.0,
                    0.0,
                    0.0,
                    0.0,
                    99999.99999999999
                ]
            ],
            [
                [
                    14.41995376325868,
                    -12.827437573782676,
                    1.8046506264580795,
                    -6.187025485040554,
                    -9.692236307860107,
                    19.250075196727085,
                    25.361189203535204
                ],
                [
                    -12.827437573782676,
                    16.26722827379287,
                    -5.269817937326462,
                    5.375010171286714,
                    9.903117475703386,
                    -0.7339555249946565,
                    45.09906045789682
                ],
                [
                    1.8046506264580795,
                    -5.269817937326462,
                    19.056131265437184,
                    -13.857849240233499,
                    3.9980678219468846,
                    2.1760394366713913,
                    173.60978393078472
                ],
                [
                    -6.187025485040554,
                    5.375010171286714,
                    -13.857849240233499,
                    27.852397832793493,
                    -6.892778755082958,
                    -18.255007481170498,
                    -252.68462554329682
                ],
                [
                    -9.692236307860107,
                    9.903117475703386,
                    3.9980678219468846,
                    -6.892778755082958,
                    20.26597355889038,
                    -7.909269595321347,
                    34.380561288834976
                ],
                [
                    19.250075196727085,
                    -0.7339555249946565,
                    2.1760394366713913,
                    -18.255007481170498,
                    -7.909269595321347,
                    1024.399079229771,
                    6123.658496985265
                ],
                [
                    25.361189203535204,
                    45.09906045789682,
                    173.60978393078472,
                    -252.68462554329682,
                    34.380561288834976,
                    6123.658496985265,
                    42679.29640068329
                ]
            ]
        ]
    },
    "gmm_neg": {
        "means": [
            [
                -0.07335637960683772,
                1.6479844589959112,
                0.16372608814680026,
                -2.1336293989687767,
                -2.3209844084313977,
                -0.03905227704426183,
                -0.005641812080669623
            ],
            [
                -0.06880976878616389,
                0.2915523940740084,
                -1.465484754976242,
                0.2571026169399638,
                -0.30234401629966534,
                0.09068595102364943,
                -0.00046207925535228294
            ],
            [
                2.65371046450299,
                0.6011619804111706,
                -0.2259134556179015,
                3.066991699192008,
                2.5032059752221016,
                0.08439893189056281,
                -0.004644065793577572
            ],
            [
                0.4797056376728475,
                0.4164245802321497,
                0.5769902585061795,
                0.1881105696040551,
                0.0861839200720731,
                0.05376424949809638,
                0.008468614930924847
            ],
            [
                -3.0784135530182186,
                -3.067363100100158,
                -1.163974033999178,
                -0.6343640549749542,
                0.26924724603162176,
                2.4272745928290442,
                -0.35980450449939394
            ],
            [
                -1.8864508036436682,
                -1.6898675285461107,
                -0.27842923329550684,
                -0.5587979234466296,
                -0.40035913526153677,
                0.12379671220698127,
                -0.017487015923157462
            ]
        ],
        "covariances": [
            [
                [
                    1.2028135347713853,
                    0.25020837203487944,
                    -0.020529572732421425,
                    -0.2541826038574755,
                    0.651358213651016,
                    0.18010155778372056,
                    -0.02130104830685484
                ],
                [
                    0.25020837203487956,
                    6.323928497685021,
                    -0.9427849839240852,
                    -1.0368670051800999,
                    -4.832640081529452,
                    0.39921641298170335,
                    -0.007063306692900333
                ],
                [
                    -0.0205295727324214,
                    -0.9427849839240852,
                    0.8732003723449621,
                    0.47420563713711306,
                    1.371312060007721,
                    -0.17205658647439362,
                    0.023764884355400827
                ],
                [
                    -0.2541826038574754,
                    -1.0368670051800999,
                    0.47420563713711306,
                    1.263178492566211,
                    1.5513813358155437,
                    -0.31622853053981803,
                    0.06367742832299086
                ],
                [
                    0.651358213651016,
                    -4.832640081529452,
                    1.371312060007721,
                    1.551381335815544,
                    8.091332908549324,
                    -0.4511378022776102,
                    0.0506660043486928
                ],
                [
                    0.18010155778372056,
                    0.39921641298170335,
                    -0.17205658647439362,
                    -0.31622853053981803,
                    -0.4511378022776102,
                    0.3352864332999091,
                    -0.054727570317972346
                ],
                [
                    -0.021301048306854857,
                    -0.007063306692900349,
                    0.023764884355400834,
                    0.06367742832299086,
                    0.0506660043486928,
                    -0.054727570317972346,
                    0.0110827059639072
                ]
            ],
            [
                [
                    0.6993301015583672,
                    0.18666826652084467,
                    -0.0004753655233166229,
                    0.6570242795901832,
                    0.5264436589975285,
                    -0.10244266954771346,
                    0.012598543519937309
                ],
                [
                    0.18666826652084464,
                    0.4711974076726026,
                    -0.06615349776713227,
                    0.01315493602866287,
                    -0.15863265230689463,
                    -0.028356446132878434,
                    0.004983956291450828
                ],
                [
                    -0.0004753655233166349,
                    -0.06615349776713227,
                    0.23420876677721852,
                    0.0874578965786716,
                    -0.011851343984465251,
                    0.07015167756260876,
                    -0.012867162811472661
                ],
                [
                    0.6570242795901832,
                    0.013154936028662842,
                    0.0874578965786716,
                    0.9991145699466074,
                    0.8662281987215378,
                    -0.08180532542467772,
                    0.00825164146817832
                ],
                [
                    0.5264436589975285,
                    -0.15863265230689463,
                    -0.011851343984465244,
                    0.8662281987215378,
                    1.0342247802176552,
                    -0.0962326687755448,
                    0.012119377647781336
                ],
                [
                    -0.10244266954771346,
                    -0.028356446132878438,
                    0.07015167756260876,
                    -0.08180532542467774,
                    -0.0962326687755448,
                    0.056535491431664336,
                    -0.008417685214275085
                ],
                [
                    0.012598543519937316,
                    0.004983956291450828,
                    -0.012867162811472673,
                    0.00825164146817832,
                    0.012119377647781336,
                    -0.008417685214275085,
                    0.0013561484523698744
                ]
            ],
            [
                [
                    8.019562539695622,
                    0.7067392742151845,
                    0.8957547683753883,
                    4.835206504838395,
                    2.7376068135433247,
                    0.26166799240805255,
                    -0.0787487525116827
                ],
                [
                    0.7067392742151846,
                    0.4497718523007662,
                    -0.05278567487420871,
                    0.22583265156010535,
                    0.1786304226130802,
                    -0.02797292094606392,
                    0.00629278388451016
                ],
                [
                    0.8957547683753881,
                    -0.05278567487420871,
                    1.8970871305948405,
                    0.7132440767122497,
                    0.4498453792330513,
                    -0.011821133143531365,
                    -0.00887899038567894
                ],
                [
                    4.8352065048383945,
                    0.22583265156010535,
                    0.7132440767122498,
                    5.833563661099397,
                    1.9183844833999681,
                    0.36872950669174887,
                    -0.07691847437126002
                ],
                [
                    2.7376068135433247,
                    0.1786304226130802,
                    0.4498453792330513,
                    1.9183844833999681,
                    1.2596750135296322,
                    0.13471120667290312,
                    -0.03390301830212226
                ],
                [
                    0.26166799240805255,
                    -0.02797292094606393,
                    -0.011821133143531356,
                    0.36872950669174887,
                    0.13471120667290315,
                    0.07748961053441734,
                    -0.011545302153942456
                ],
                [
                    -0.0787487525116827,
                    0.00629278388451016,
                    -0.008878990385678935,
                    -0.07691847437126002,
                    -0.03390301830212226,
                    -0.011545302153942456,
                    0.002374239907280856
                ]
            ],
            [
                [
                    0.9342342751927296,
                    0.4187819257117902,
                    -0.11880993170281465,
                    0.6772660230131654,
                    0.43506525187248074,
                    0.01665812984263243,
                    -0.0022935654429040255
                ],
                [
                    0.4187819257117902,
                    0.49066914109175686,
                    -0.05884311071705266,
                    0.16096595235385094,
                    0.024229788902851684,
                    0.023699262441288796,
                    -0.0026535221589034145
                ],
                [
                    -0.11880993170281468,
                    -0.05884311071705265,
                    0.2593137016805862,
                    -0.15301065097677854,
                    -0.049682536039145596,
                    -0.02652634501450967,
                    0.003585513868176983
                ],
                [
                    0.6772660230131655,
                    0.16096595235385094,
                    -0.15301065097677854,
                    0.949324403555563,
                    0.5702170660088633,
                    0.017444883796025736,
                    -0.0025393067912020686
                ],
                [
                    0.4350652518724807,
                    0.024229788902851684,
                    -0.04968253603914561,
                    0.5702170660088633,
                    0.626440284687829,
                    0.01077348254480831,
                    -0.0006073670091803181
                ],
                [
                    0.01665812984263243,
                    0.02369926244128879,
                    -0.02652634501450967,
                    0.017444883796025736,
                    0.01077348254480831,
                    0.019471897370994005,
                    -0.0028903926349450183
                ],
                [
                    -0.0022935654429040264,
                    -0.002653522158903414,
                    0.0035855138681769824,
                    -0.0025393067912020664,
                    -0.0006073670091803184,
                    -0.0028903926349450183,
                    0.0004667762654692595
                ]
            ],
            [
                [
                    0.16227160636028243,
                    0.16277515518969218,
                    0.1036637331025303,
                    0.2261299672377512,
                    0.14377263626881392,
                    -0.7172905811593939,
                    0.09244868491552316
                ],
                [
                    0.1627751551896922,
                    0.79939562008973,
                    0.4730779774930055,
                    0.3444910645037184,
                    0.07748331406497037,
                    -1.1158135827482,
                    0.0858453395902137
                ],
                [
                    0.1036637331025303,
                    0.4730779774930055,
                    0.9529396319631571,
                    0.08919140871717283,
                    0.0948440060126797,
                    -1.0763598402514842,
                    0.42977859174779726
                ],
                [
                    0.2261299672377512,
                    0.3444910645037184,
                    0.08919140871717285,
                    0.8952157081944593,
                    0.6103222123528047,
                    -0.6580117461250709,
                    0.01728451750953737
                ],
                [
                    0.14377263626881392,
                    0.07748331406497037,
                    0.09484400601267969,
                    0.6103222123528047,
                    0.6336210651348096,
                    0.4999935703824367,
                    0.1425994400298532
                ],
                [
                    -0.7172905811593939,
                    -1.1158135827482,
                    -1.0763598402514842,
                    -0.6580117461250709,
                    0.4999935703824367,
                    31.47806535397451,
                    -0.42821872648467546
                ],
                [
                    0.09244868491552317,
                    0.0858453395902137,
                    0.4297785917477974,
                    0.0172845175095374,
                    0.14259944002985314,
